[LEFT_CAM_2K]
fx=1404.54
fy=1404.54
cx=1109.37
cy=581.335
k1=-0.173009
k2=0.0268933
p1=0.000623105
p2=-0.000960866
k3=0

[RIGHT_CAM_2K]
fx=1403.25
fy=1403.25
cx=1073.98
cy=607.983
k1=-0.173983
k2=0.0278158
p1=0.000289556
p2=-0.000835278
k3=0

[LEFT_CAM_FHD]
fx=1404.54
fy=1404.54
cx=965.37
cy=500.335
k1=-0.173009
k2=0.0268933
p1=0.000623105
p2=-0.000960866
k3=0

[RIGHT_CAM_FHD]
fx=1403.25
fy=1403.25
cx=929.98
cy=526.983
k1=-0.173983
k2=0.0278158
p1=0.000289556
p2=-0.000835278
k3=0

[LEFT_CAM_HD]
fx=702.27
fy=702.27
cx=641.185
cy=338.6675
k1=-0.173009
k2=0.0268933
p1=0.000623105
p2=-0.000960866
k3=0

[RIGHT_CAM_HD]
fx=701.625
fy=701.625
cx=623.49
cy=351.9915
k1=-0.173983
k2=0.0278158
p1=0.000289556
p2=-0.000835278
k3=0

[LEFT_CAM_VGA]
fx=351.135
fy=351.135
cx=336.0925
cy=176.83375
k1=-0.173009
k2=0.0268933
p1=0.000623105
p2=-0.000960866
k3=0

[RIGHT_CAM_VGA]
fx=350.8125
fy=350.8125
cx=327.245
cy=183.49575
k1=-0.173983
k2=0.0278158
p1=0.000289556
p2=-0.000835278
k3=0

[STEREO]
Baseline=119.988
TY=-0.011111
TZ=0.00457304
CV_2K=0.0102741
CV_FHD=0.0102741
CV_HD=0.0102741
CV_VGA=0.0102741
RX_2K=-0.00494909
RX_FHD=-0.00494909
RX_HD=-0.00494909
RX_VGA=-0.00494909
RZ_2K=-5.76178e-06
RZ_FHD=-5.76178e-06
RZ_HD=-5.76178e-06
RZ_VGA=-5.76178e-06

[MISC]
Sensor_ID=0


